static/public/js/json/demo.json
{"header": {"discipline":0,"disciplineName":"Meteorological products","gribEdition":2,"gribLength":78358,"center":7,"centerName":"US National Weather Service - NCEP(WMC)","subcenter":0,"refTime":"2023-11-05T06:00:00.000Z","significanceOfRT":1,"significanceOfRTName":"Start of forecast","productStatus":0,"productStatusName":"Operational products","productType":1,"productTypeName":"Forecast products","productDefinitionTemplate":0,"productDefinitionTemplateName":"Analysis/forecast at horizontal level/layer at a point in time","parameterCategory":2,"parameterCategoryName":"Momentum","parameterNumber":2,"parameterNumberName":"U-component_of_wind","parameterUnit":"m.s-1","genProcessType":2,"genProcessTypeName":"Forecast","forecastTime":0,"surface1Type":103,"surface1TypeName":"Specified height level above ground","surface1Value":10.0,"surface2Type":255,"surface2TypeName":"Missing","surface2Value":0.0,"gridDefinitionTemplate":0,"gridDefinitionTemplateName":"Latitude_Longitude","numberPoints":65160,"shape":6,"shapeName":"Earth spherical with radius of 6,371,229.0 m","gridUnits":"degrees","resolution":48,"winds":"true","scanMode":0,"nx":360,"ny":181,"basicAngle":0,"lo1":0.0,"la1":90.0,"lo2":359.0,"la2":-90.0,"dx":1.0,"dy":1.0}, "data":
[rows 26 to 51 of 181, columns 180 to 239 of 360]
-9.346969,-10.556969,-9.436969,-8.996969,-7.736969,-3.646969,-4.006969,-2.776969,-1.5469689,-0.286969,-0.76696897,-0.936969,0.623031,-0.046968993,1.013031,-0.266969,-3.006969,-1.206969,-3.286969,-1.726969,-0.09696899,-0.17696899,0.323031,-0.206969,-2.126969,-1.006969,-1.106969,-0.366969,-1.906969,-2.946969,-1.126969,-0.46696898,-1.606969,-0.986969,-0.22696899,-1.416969,-3.696969,-1.646969,-1.286969,-1.256969,-0.49696898,-0.976969,-1.726969,-2.146969,-0.506969,-1.816969,0.053031005,-1.416969,-2.756969,-2.116969,-0.946969,-1.2969689,-1.326969,-1.016969,-0.796969,-0.456969,-1.376969,-0.936969,-2.276969,-4.326969
-7.156969,-7.506969,-7.106969,-6.036969,-7.696969,-7.806969,-4.776969,-2.6069689,-2.076969,0.503031,2.153031,2.803031,0.98303103,-0.06696899,-1.026969,0.503031,1.093031,0.37303102,3.483031,1.493031,0.263031,1.543031,2.303031,1.183031,0.063031,-0.246969,-0.82696897,-0.556969,1.103031,-0.986969,-0.786969,-2.626969,-1.656969,-0.246969,-0.726969,-1.716969,-2.296969,-0.896969,-0.936969,-1.336969,-1.196969,-0.966969,-0.566969,-0.546969,-1.216969,-1.156969,-0.996969,-1.186969,-1.366969,-1.576969,-2.566969,-1.866969,-1.646969,-1.516969,-1.536969,-1.166969,-0.866969,-0.996969,-1.156969,-3.456969
-8.696969,-6.826969,-5.936969,-4.406969,-3.306969,-2.236969,-2.436969,-2.316969,-0.286969,2.213031,3.843031,3.503031,3.803031,2.933031,1.903031,1.543031,3.003031,3.363031,3.843031,3.283031,0.92303103,2.133031,3.283031,5.083031,0.773031,0.573031,2.023031,2.1430311,-0.016968993,0.92303103,-0.276969,-2.656969,-1.916969,-0.57696897,-0.06696899,0.173031,-2.416969,-1.136969,-0.43696898,0.323031,0.173031,-0.236969,-1.386969,-0.896969,1.263031,0.263031,-2.036969,-0.956969,-0.906969,-0.956969,-1.236969,-2.326969,-2.446969,-1.636969,-1.596969,-1.726969,-0.49696898,0.903031,1.043031,-0.596969
-10.656969,-8.876969,-7.176969,-5.666969,-4.186969,-3.896969,-3.286969,-2.366969,-1.516969,-0.666969,2.633031,4.593031,5.303031,5.923031,4.673031,1.393031,2.973031,4.753031,4.463031,4.593031,2.903031,3.573031,4.153031,0.473031,2.653031,1.993031,1.893031,1.883031,0.333031,-0.40696898,1.683031,-0.296969,0.233031,-2.296969,-2.836969,0.31303102,-1.866969,-0.426969,-2.416969,-4.046969,0.603031,-0.596969,0.0030310059,-1.356969,-1.026969,-0.156969,-2.346969,-2.426969,-5.856969,-2.936969,-1.596969,-1.716969,-2.246969,-1.596969,-1.376969,-1.7969689,-0.626969,-0.37696898,-0.596969,-0.986969
-13.016969,-11.716969,-9.666969,-7.716969,-5.446969,-4.106969,-2.946969,-0.896969,-0.216969,1.243031,2.453031,2.963031,5.243031,4.483031,3.193031,3.683031,1.413031,3.813031,3.543031,3.773031,0.993031,2.163031,2.933031,5.063031,4.173031,2.1430311,1.903031,2.973031,1.563031,0.383031,-0.166969,0.34303102,0.34303102,1.573031,1.543031,1.623031,0.0030310059,0.533031,-2.346969,-2.076969,-1.536969,-4.246969,-0.486969,-0.356969,-1.5469689,-1.956969,-1.016969,-2.186969,-1.646969,-2.526969,-2.6069689,-3.896969,-5.476969,-6.366969,-5.596969,-1.856969,-2.796969,-0.966969,-2.556969,-3.456969
-14.276969,-13.826969,-12.036969,-9.986969,-8.726969,-6.136969,-4.306969,-2.966969,-2.166969,0.453031,1.903031,3.013031,3.213031,4.923031,4.443031,5.773031,2.073031,4.043031,6.823031,4.913031,7.273031,3.813031,1.053031,-0.636969,2.633031,3.483031,3.3930311,13.853031,14.493031,12.613031,10.683031,9.353031,6.713031,2.553031,4.493031,5.983031,2.823031,4.503031,5.643031,5.363031,3.683031,-1.676969,-2.386969,3.373031,-2.226969,-2.456969,-2.496969,-1.826969,-1.086969,-2.136969,-2.616969,-1.2969689,-0.366969,0.203031,-2.026969,-1.406969,0.783031,-1.446969,-2.406969,-3.416969
2.233031,-1.016969,2.793031,-3.986969,-6.756969,-8.036969,-6.016969,-3.746969,-1.656969,0.34303102,0.803031,2.563031,4.773031,5.063031,5.753031,5.493031,5.573031,5.513031,6.913031,9.113031,9.903031,11.743031,11.323031,7.063031,3.093031,4.813031,4.723031,5.873031,12.913031,9.063031,9.533031,8.363031,7.173031,6.063031,4.723031,3.513031,4.303031,5.263031,5.083031,5.183031,4.743031,3.943031,2.913031,-2.846969,-0.676969,0.153031,-0.49696898,-3.086969,-1.566969,-1.056969,-0.456969,-2.016969,-2.236969,-1.626969,-1.556969,-2.396969,-0.976969,-0.126969,-0.246969,-2.266969
10.623031,6.503031,4.583031,5.303031,4.283031,-2.186969,-3.546969,-4.086969,-1.786969,-0.416969,0.903031,2.023031,3.533031,5.453031,7.063031,7.003031,7.163031,6.903031,7.003031,7.613031,10.673031,11.753031,9.353031,5.083031,4.663031,15.373031,8.183031,10.283031,3.603031,-0.806969,1.893031,1.713031,3.373031,5.683031,4.093031,4.573031,4.673031,4.613031,4.863031,4.583031,4.183031,4.673031,2.983031,0.533031,-2.006969,-1.706969,-2.206969,-1.626969,-0.796969,-2.336969,-1.916969,-1.426969,-1.746969,-1.516969,-1.346969,-1.366969,-1.426969,0.053031005,-0.886969,-1.676969
12.073031,10.323031,7.783031,8.323031,5.343031,4.973031,3.543031,-2.006969,-2.6069689,-0.746969,1.193031,2.433031,3.373031,5.283031,6.413031,7.023031,7.533031,8.063031,7.873031,7.573031,3.943031,1.713031,11.253031,13.953031,14.773031,14.063031,11.213031,9.673031,12.143031,13.893031,14.253031,12.683031,11.313031,9.573031,3.663031,5.173031,6.083031,3.633031,3.793031,4.203031,4.703031,5.153031,4.293031,2.303031,1.113031,-4.976969,-4.116969,-1.466969,-2.306969,-2.076969,-1.996969,0.333031,-1.086969,-1.2969689,-1.906969,-1.456969,-0.546969,-1.026969,-0.216969,-0.43696898
11.773031,11.293031,10.513031,9.953031,7.753031,7.723031,7.143031,6.813031,6.773031,-1.036969,-0.306969,1.503031,4.403031,4.743031,5.423031,6.503031,6.233031,6.233031,6.673031,4.443031,9.813031,12.403031,12.183031,7.703031,9.953031,12.173031,12.473031,12.463031,12.293031,12.003031,9.213031,9.213031,9.753031,8.973031,5.563031,5.163031,4.423031,3.603031,4.153031,3.843031,3.943031,4.843031,6.163031,4.223031,-0.46696898,-0.736969,-4.456969,-6.816969,-10.516969,-4.596969,-2.616969,-1.106969,-1.196969,-1.516969,-1.336969,-0.336969,-1.596969,0.393031,-0.926969,-0.246969
11.893031,11.403031,11.153031,10.463031,9.543031,8.513031,9.383031,8.273031,8.833031,9.703031,5.683031,3.753031,4.603031,6.003031,5.783031,6.683031,8.183031,9.803031,5.273031,9.263031,9.283031,9.113031,10.883031,11.153031,11.123031,6.143031,7.573031,10.383031,10.533031,9.973031,9.763031,9.373031,7.723031,7.203031,4.423031,3.813031,4.103031,4.053031,4.973031,5.663031,3.763031,4.603031,6.153031,7.343031,7.763031,8.853031,9.263031,3.383031,-2.516969,-12.816969,-3.666969,-1.236969,-1.736969,-1.206969,-1.036969,-0.296969,-1.486969,-1.326969,-1.7969689,-1.566969
11.443031,11.213031,11.163031,11.253031,11.103031,10.163031,9.923031,9.513031,10.043031,10.263031,9.843031,1.983031,5.243031,4.333031,8.013031,4.873031,8.643031,8.503031,9.983031,7.903031,7.073031,10.013031,9.543031,8.923031,9.293031,9.993031,9.743031,6.913031,7.783031,8.103031,6.673031,7.533031,5.163031,4.243031,5.413031,5.393031,4.313031,5.443031,5.263031,5.763031,5.773031,5.843031,4.443031,7.033031,8.263031,8.893031,9.463031,6.863031,2.433031,-8.826969,-10.446969,-4.916969,-0.086968996,0.403031,-0.556969,-0.246969,-0.156969,-1.786969,-2.556969,-1.636969
9.903031,10.953031,10.153031,4.383031,5.773031,8.523031,9.233031,9.623031,9.233031,9.273031,9.973031,10.233031,7.813031,8.733031,8.413031,7.563031,8.383031,6.963031,8.233031,9.183031,9.203031,8.043031,9.073031,8.003031,8.813031,8.803031,9.003031,8.493031,6.783031,6.683031,3.483031,4.683031,6.463031,5.753031,6.193031,6.343031,5.623031,5.223031,6.293031,6.603031,7.243031,6.283031,6.953031,8.003031,8.903031,9.933031,9.853031,9.603031,7.783031,6.443031,-7.446969,-5.846969,-3.3569689,-1.096969,2.423031,-0.046968993,1.273031,-2.776969,-3.056969,-2.656969
11.553031,10.903031,11.203031,11.053031,11.483031,10.833031,11.593031,11.403031,11.433031,11.673031,11.543031,10.093031,9.713031,9.203031,9.133031,9.133031,8.723031,8.133031,7.333031,8.643031,9.153031,8.163031,8.323031,8.313031,7.743031,8.003031,7.473031,8.013031,6.923031,7.183031,7.683031,5.373031,6.523031,6.853031,6.373031,6.113031,5.153031,5.133031,5.663031,6.073031,7.253031,10.103031,7.813031,9.453031,9.003031,10.033031,11.613031,10.443031,10.163031,8.793031,3.203031,-0.17696899,-3.236969,-2.626969,-1.476969,1.833031,-0.026968993,1.163031,-0.806969,-1.866969
10.853031,11.153031,10.703031,10.633031,11.323031,11.013031,11.613031,11.743031,12.143031,12.253031,11.703031,11.753031,10.223031,10.183031,9.493031,9.463031,8.963031,8.403031,7.813031,7.763031,8.233031,7.623031,7.853031,6.613031,7.103031,7.213031,7.183031,7.763031,6.073031,9.423031,7.623031,7.693031,5.353031,4.983031,4.953031,4.173031,4.483031,5.263031,5.323031,5.073031,6.413031,6.403031,7.953031,7.723031,8.793031,9.403031,10.843031,13.633031,15.433031,14.633031,9.983031,6.173031,1.843031,0.053031005,0.553031,-6.596969,0.31303102,1.323031,1.533031,-0.156969
9.083031,9.593031,9.423031,9.823031,9.663031,9.673031,10.133031,10.553031,11.163031,11.223031,12.063031,11.843031,10.323031,10.003031,9.873031,8.903031,8.353031,7.563031,7.813031,6.963031,7.603031,6.733031,6.493031,6.553031,6.563031,6.113031,7.583031,8.063031,8.153031,7.003031,7.693031,7.133031,6.683031,4.113031,2.583031,4.603031,4.693031,3.683031,4.773031,5.213031,5.483031,6.273031,6.723031,8.053031,9.953031,10.693031,11.303031,12.203031,12.563031,12.643031,10.903031,8.243031,5.403031,3.843031,3.523031,1.113031,1.223031,-2.276969,1.503031,0.413031
7.873031,8.473031,8.733031,8.233031,8.503031,8.713031,8.983031,9.323031,9.473031,9.963031,9.573031,9.623031,9.463031,8.993031,8.213031,7.923031,7.823031,7.533031,7.063031,6.393031,6.833031,7.173031,5.883031,5.003031,5.323031,5.563031,6.013031,5.423031,7.543031,7.403031,5.983031,6.463031,5.613031,4.043031,4.133031,4.023031,4.353031,4.183031,2.943031,2.933031,2.663031,2.703031,4.223031,5.663031,6.393031,7.723031,8.833031,9.883031,10.203031,9.853031,8.643031,7.383031,6.113031,4.923031,4.163031,3.853031,-0.166969,0.013031006,-2.436969,2.303031
7.563031,7.293031,7.013031,7.143031,7.033031,7.153031,7.213031,7.223031,7.973031,7.643031,7.803031,7.543031,7.233031,7.483031,7.303031,7.493031,7.033031,7.133031,6.563031,5.753031,4.653031,4.093031,5.043031,4.813031,4.043031,5.363031,5.983031,5.713031,5.433031,4.893031,4.763031,5.193031,4.103031,3.033031,1.993031,1.523031,1.053031,0.11303101,0.433031,-1.596969,-3.246969,-0.586969,-0.006968994,1.623031,3.413031,4.263031,5.123031,5.763031,6.843031,7.383031,7.083031,5.983031,5.893031,4.943031,4.033031,4.233031,0.28303102,0.433031,-0.356969,2.103031
6.383031,6.033031,5.823031,5.263031,4.823031,4.943031,5.273031,5.133031,5.643031,5.583031,5.503031,5.673031,5.613031,6.453031,6.603031,6.023031,6.513031,5.993031,5.523031,5.233031,5.183031,6.103031,4.273031,3.663031,6.083031,5.283031,4.933031,3.453031,2.363031,2.513031,2.663031,1.503031,0.423031,1.053031,0.353031,-1.276969,0.823031,4.253031,-0.796969,-4.046969,7.643031,6.073031,5.433031,2.763031,2.553031,5.723031,3.303031,3.533031,4.093031,4.853031,5.443031,5.123031,4.573031,4.693031,3.823031,4.423031,-0.426969,0.173031,0.953031,2.673031
3.753031,3.383031,3.263031,2.733031,2.543031,2.303031,2.413031,2.8930311,3.203031,3.223031,3.553031,4.253031,4.193031,4.983031,5.333031,5.243031,5.023031,4.763031,4.633031,5.053031,5.793031,5.973031,5.473031,6.143031,5.393031,5.243031,4.613031,2.523031,1.2030311,-0.026968993,-0.006968994,0.663031,-0.22696899,-0.596969,0.583031,2.883031,-2.706969,1.253031,6.713031,9.463031,8.923031,8.383031,8.913031,8.533031,5.673031,4.453031,3.843031,8.633031,4.713031,4.023031,4.683031,4.443031,4.253031,4.253031,4.073031,2.543031,-1.716969,0.24303101,1.783031,2.703031
0.853031,0.73303103,0.763031,0.233031,0.483031,0.353031,0.21303101,0.433031,1.2030311,1.783031,1.943031,2.293031,2.593031,3.343031,3.823031,3.763031,3.723031,4.203031,4.623031,6.073031,5.713031,6.243031,6.193031,5.923031,6.183031,4.623031,2.183031,1.133031,-1.816969,-2.966969,-1.726969,-0.316969,-0.856969,1.483031,0.583031,4.973031,5.143031,5.853031,8.163031,8.963031,9.573031,9.333031,9.253031,9.093031,9.283031,7.333031,3.313031,2.653031,6.613031,8.783031,4.923031,3.803031,3.713031,3.533031,2.573031,2.583031,0.653031,-0.306969,0.893031,3.173031
-1.846969,-1.916969,-1.836969,-1.726969,-1.266969,-1.276969,-1.166969,-1.106969,-0.19696899,0.153031,0.223031,1.033031,1.293031,1.983031,3.153031,3.003031,4.293031,3.983031,5.573031,5.263031,5.873031,6.603031,7.263031,6.713031,5.213031,4.423031,3.343031,3.163031,8.073031,7.593031,6.053031,7.243031,7.763031,4.383031,10.333031,9.043031,8.283031,9.123031,8.343031,9.383031,10.533031,10.233031,10.463031,9.473031,9.583031,10.373031,6.643031,5.063031,3.033031,6.513031,4.503031,3.8930311,3.723031,2.323031,2.263031,0.25303102,-0.586969,-0.056968994,1.523031,4.463031
-3.676969,-3.736969,-3.206969,-3.466969,-3.176969,-3.206969,-2.286969,-1.956969,-1.846969,-1.126969,-1.156969,-0.10696899,0.393031,1.373031,1.803031,2.293031,4.573031,4.393031,4.223031,6.113031,7.453031,7.163031,7.383031,6.113031,5.043031,5.983031,4.713031,4.503031,6.983031,8.693031,10.513031,11.493031,12.763031,16.98303,15.383031,15.843031,14.923031,12.933031,12.113031,11.573031,10.613031,12.463031,9.723031,8.693031,8.363031,9.393031,7.493031,6.383031,4.633031,4.443031,5.053031,4.223031,2.833031,2.403031,1.843031,1.733031,0.793031,-0.616969,0.753031,4.233031
-4.766969,-4.856969,-4.466969,-3.936969,-4.276969,-4.986969,-4.266969,-4.576969,-3.816969,-2.096969,-1.056969,-0.816969,-0.17696899,1.233031,2.563031,1.923031,3.123031,4.113031,4.833031,6.043031,5.733031,7.013031,6.843031,8.683031,7.553031,8.423031,10.413031,9.343031,10.883031,12.753031,13.743031,14.513031,15.803031,17.22303,17.713032,16.75303,16.383032,14.983031,13.043031,12.453031,12.493031,13.593031,10.283031,9.243031,8.443031,9.453031,7.253031,6.863031,4.653031,5.563031,3.703031,3.323031,2.973031,2.403031,1.663031,1.913031,-1.996969,0.913031,-0.696969,-0.656969
-6.856969,-6.636969,-6.276969,-5.616969,-5.316969,-5.926969,-4.016969,-4.196969,-3.766969,-2.706969,-2.206969,-1.256969,-1.656969,-0.116969,0.783031,1.423031,1.793031,3.763031,4.393031,4.013031,5.943031,6.483031,7.413031,8.593031,9.793031,12.203031,13.003031,15.793031,16.713032,16.963032,17.113031,18.633032,18.48303,17.99303,17.103031,17.92303,17.82303,16.023031,13.323031,13.603031,13.863031,12.443031,10.813031,9.813031,9.723031,9.813031,9.033031,7.183031,5.943031,3.423031,4.063031,2.3930311,2.513031,2.283031,2.003031,0.773031,-1.986969,0.25303102,-0.626969,0.563031
-8.016969,-8.606969,-7.726969,-6.616969,-6.606969,-6.646969,-5.656969,-5.306969,-4.546969,-3.366969,-3.986969,-2.576969,-1.106969,0.153031,0.323031,2.303031,3.273031,3.673031,5.093031,3.903031,5.923031,6.963031,7.703031,8.663031,10.223031,11.783031,13.373031,15.633031,16.58303,16.533031,16.66303,16.90303,16.623032,16.523031,17.06303,17.353031,15.093031,13.323031,12.773031,13.193031,13.063031,13.323031,12.583031,10.243031,9.933031,10.753031,8.703031,7.443031,5.583031,4.083031,3.253031,3.133031,2.6430311,1.893031,2.813031,3.6430311,-1.726969,0.443031,-0.656969,-1.026969
