static/public/js/json/demo.json
{"header": {"discipline":0,"disciplineName":"Meteorological products","gribEdition":2,"gribLength":50822,"center":7,"centerName":"US National Weather Service - NCEP(WMC)","subcenter":0,"refTime":"2023-11-05T06:00:00.000Z","significanceOfRT":1,"significanceOfRTName":"Start of forecast","productStatus":0,"productStatusName":"Operational products","productType":1,"productTypeName":"Forecast products","productDefinitionTemplate":0,"productDefinitionTemplateName":"Analysis/forecast at horizontal level/layer at a point in time","parameterCategory":0,"parameterCategoryName":"Temperature","parameterNumber":0,"parameterNumberName":"Temperature","parameterUnit":"K","genProcessType":2,"genProcessTypeName":"Forecast","forecastTime":0,"surface1Type":1,"surface1TypeName":"Ground or water surface","surface1Value":0.0,"surface2Type":255,"surface2TypeName":"Missing","surface2Value":0.0,"gridDefinitionTemplate":0,"gridDefinitionTemplateName":"Latitude_Longitude","numberPoints":65160,"shape":6,"shapeName":"Earth spherical with radius of 6,371,229.0 m","gridUnits":"degrees","resolution":48,"winds":"true","scanMode":0,"nx":360,"ny":181,"basicAngle":0,"lo1":0.0,"la1":90.0,"lo2":359.0,"la2":-90.0,"dx":1.0,"dy":1.0}, "data":
[rows 52 to 77 of 181, columns 240 to 299 of 360]
283.28516,281.78516,283.48517,281.68515,281.88516,280.88516,277.78516,275.98517,277.08514,279.68515,279.78516,277.98517,274.48517,268.88516,274.68515,278.78516,279.48517,278.48517,279.98517,279.98517,280.18515,279.88516,280.08514,281.28516,281.58514,280.68515,279.78516,279.88516,279.58514,279.78516,280.78516,281.78516,283.48517,284.28516,284.28516,282.98517,281.88516,282.98517,281.38516,279.48517,277.58514,279.68515,280.68515,280.78516,288.28516,288.88516,293.88516,297.28516,296.08514,295.08514,296.28516,297.38516,296.58514,296.88516,296.18515,295.08514,296.38516,296.88516,296.58514,296.78516
282.88516,280.68515,280.58514,282.48517,281.38516,283.28516,282.38516,280.58514,280.08514,281.48517,282.48517,282.28516,277.58514,273.98517,272.58514,275.98517,277.88516,277.68515,281.58514,280.88516,279.08514,282.68515,283.38516,283.78516,283.58514,283.48517,283.98517,284.68515,284.18515,283.48517,284.68515,283.28516,284.58514,283.78516,283.08514,283.28516,282.48517,281.58514,279.78516,277.88516,280.78516,281.18515,281.38516,280.88516,288.68515,290.58514,295.88516,296.78516,296.58514,297.98517,296.58514,296.68515,297.68515,297.28516,296.18515,296.08514,295.98517,295.78516,296.28516,296.58514
284.58514,285.18515,281.38516,283.78516,285.88516,285.98517,282.68515,280.38516,278.48517,282.68515,280.38516,271.28516,280.38516,276.08514,274.98517,274.78516,278.28516,275.88516,279.58514,280.38516,281.88516,283.58514,287.78516,289.18515,288.78516,287.88516,286.68515,286.88516,286.48517,285.28516,287.48517,283.78516,283.18515,282.28516,282.58514,282.28516,283.48517,280.58514,279.88516,280.68515,281.68515,281.38516,281.38516,284.08514,288.48517,291.68515,296.28516,296.38516,296.18515,297.48517,295.98517,296.08514,296.88516,297.38516,295.98517,296.18515,296.28516,296.38516,296.38516,296.68515
286.38516,282.78516,285.28516,284.68515,283.18515,282.88516,280.78516,280.18515,281.18515,280.28516,281.18515,276.08514,274.18515,282.48517,276.88516,278.58514,278.48517,281.48517,280.48517,283.08514,284.68515,284.98517,285.28516,286.18515,285.78516,285.38516,285.38516,284.58514,285.28516,284.58514,285.08514,283.88516,282.88516,281.68515,282.38516,279.78516,278.28516,282.18515,281.18515,283.18515,281.18515,283.58514,285.38516,286.98517,293.18515,296.98517,297.08514,296.28516,295.98517,296.98517,296.38516,296.08514,297.08514,297.78516,296.98517,296.68515,296.18515,296.48517,296.28516,296.58514
289.88516,291.18515,293.48517,279.98517,281.88516,286.78516,288.38516,285.88516,284.18515,282.08514,279.78516,274.68515,273.58514,279.78516,275.48517,282.28516,284.78516,281.78516,282.88516,284.88516,286.38516,286.98517,286.78516,286.58514,285.38516,284.68515,284.68515,284.48517,285.28516,284.98517,284.08514,282.88516,282.98517,282.38516,281.68515,281.58514,284.78516,280.78516,280.38516,284.58514,282.58514,284.98517,290.18515,297.18515,299.48517,297.98517,296.58514,296.98517,296.28516,296.38516,296.48517,296.38516,296.68515,296.88516,296.68515,296.58514,296.58514,296.28516,296.38516,296.78516
290.38516,291.28516,291.68515,284.78516,287.18515,290.38516,288.98517,286.08514,285.38516,286.08514,283.28516,279.38516,275.08514,283.18515,280.78516,284.08514,286.08514,285.18515,285.88516,285.18515,287.08514,286.78516,287.48517,290.48517,286.48517,285.38516,285.38516,284.98517,284.78516,285.48517,282.98517,283.68515,283.68515,283.18515,282.98517,281.98517,282.88516,282.58514,282.38516,283.08514,285.48517,295.48517,299.58514,300.28516,299.78516,297.08514,296.48517,296.58514,296.68515,296.68515,296.48517,296.48517,296.98517,297.08514,296.98517,296.88516,296.68515,296.78516,296.78516,297.08514
290.78516,290.68515,291.58514,290.18515,275.58514,293.68515,293.98517,290.48517,289.18515,285.28516,282.78516,283.08514,284.78516,285.08514,282.58514,282.38516,286.58514,287.58514,286.18515,286.58514,286.58514,287.18515,287.28516,287.98517,287.58514,285.78516,286.28516,286.28516,285.98517,284.88516,283.78516,284.58514,284.18515,283.58514,283.68515,283.28516,283.88516,283.48517,282.88516,282.98517,296.08514,300.18515,299.68515,299.88516,298.68515,296.98517,296.88516,297.08514,297.28516,296.68515,296.68515,297.38516,297.78516,297.78516,297.78516,297.38516,297.08514,296.88516,297.38516,297.48517
291.68515,291.88516,291.98517,292.18515,285.78516,288.48517,297.38516,295.78516,294.08514,285.28516,283.78516,284.18515,287.98517,287.98517,286.18515,286.58514,284.88516,289.78516,287.28516,286.58514,286.48517,286.88516,288.38516,289.18515,287.68515,287.88516,287.58514,285.68515,286.58514,285.08514,284.28516,284.28516,283.88516,283.58514,283.48517,283.08514,283.68515,283.98517,284.58514,294.08514,299.08514,299.98517,298.68515,298.28516,298.28516,297.58514,297.68515,297.98517,297.78516,297.58514,297.48517,297.98517,298.28516,298.18515,298.08514,298.08514,297.38516,297.28516,298.38516,298.18515
292.68515,292.28516,292.68515,291.68515,291.68515,289.08514,297.78516,297.98517,291.38516,291.08514,287.18515,287.98517,281.68515,288.28516,290.08514,286.98517,287.38516,287.68515,288.88516,287.88516,285.98517,285.88516,287.78516,289.38516,289.48517,288.48517,290.08514,287.58514,285.08514,284.88516,289.58514,293.58514,294.78516,296.78516,295.58514,286.58514,293.48517,285.48517,285.48517,295.48517,299.98517,298.78516,298.58514,298.48517,298.18515,298.28516,298.18515,298.38516,297.98517,297.68515,297.98517,298.18515,298.28516,298.78516,299.18515,298.68515,298.48517,298.28516,298.68515,299.28516
292.88516,292.58514,292.88516,292.38516,292.68515,292.58514,290.68515,297.38516,295.28516,293.98517,290.28516,289.58514,282.18515,285.88516,289.48517,290.38516,287.18515,291.58514,283.18515,290.28516,289.08514,289.98517,289.98517,290.38516,291.08514,296.28516,296.08514,296.18515,295.68515,295.78516,296.28516,296.58514,298.08514,297.68515,297.88516,296.98517,296.48517,294.68515,285.88516,292.38516,300.08514,299.68515,299.28516,299.18515,299.28516,298.68515,298.38516,298.58514,298.68515,298.48517,298.78516,298.48517,298.38516,298.98517,299.18515,298.88516,298.78516,298.78516,299.28516,299.58514
294.08514,293.08514,294.08514,293.88516,293.78516,293.68515,289.58514,287.28516,298.38516,296.48517,295.98517,289.68515,285.08514,285.18515,286.28516,289.58514,288.48517,287.48517,283.78516,289.68515,291.68515,292.28516,291.98517,294.58514,297.88516,298.98517,299.08514,298.48517,298.28516,298.68515,299.28516,299.38516,298.48517,298.38516,298.18515,298.58514,297.68515,295.48517,288.08514,290.98517,298.68515,299.28516,299.08514,299.28516,299.88516,299.98517,299.48517,299.68515,300.08514,299.68515,299.98517,299.48517,299.38516,299.88516,299.58514,299.48517,299.08514,299.28516,299.88516,299.88516
294.18515,293.38516,293.68515,294.08514,295.38516,295.78516,295.98517,291.78516,291.58514,300.18515,298.98517,294.78516,292.98517,284.18515,286.38516,287.38516,289.28516,289.68515,288.08514,289.58514,292.18515,292.08514,292.48517,297.68515,299.08514,298.88516,298.88516,298.98517,298.58514,299.08514,299.98517,299.78516,299.48517,298.78516,298.58514,298.58514,299.08514,298.28516,290.68515,291.38516,299.28516,298.38516,296.68515,299.28516,300.48517,300.18515,300.78516,300.98517,300.48517,299.88516,299.78516,299.58514,299.88516,300.48517,300.08514,300.28516,299.98517,299.38516,299.78516,300.48517
294.18515,294.38516,294.48517,294.08514,296.18515,297.08514,297.68515,296.38516,291.88516,300.28516,300.68515,296.58514,294.78516,282.88516,282.08514,284.18515,287.88516,289.38516,288.18515,289.48517,288.08514,293.48517,293.38516,297.38516,299.38516,298.98517,299.58514,299.88516,299.28516,299.38516,300.38516,299.98517,299.98517,299.58514,298.78516,298.58514,299.58514,299.38516,297.58514,293.58514,299.68515,299.58514,299.58514,300.08514,300.68515,300.78516,300.68515,300.68515,300.48517,300.38516,299.88516,299.48517,299.88516,300.68515,300.48517,300.58514,300.58514,300.28516,300.78516,300.88516
294.48517,295.08514,294.88516,294.58514,294.98517,296.18515,298.68515,298.78516,295.08514,295.38516,300.68515,300.68515,298.18515,293.08514,282.78516,282.88516,284.88516,287.48517,286.78516,284.48517,284.58514,290.28516,292.58514,298.38516,299.38516,299.68515,300.28516,300.28516,299.98517,299.78516,299.88516,299.88516,299.58514,299.58514,299.78516,299.98517,299.98517,299.48517,298.48517,297.68515,299.28516,299.18515,298.68515,300.18515,300.48517,301.08514,301.08514,301.08514,300.78516,300.28516,300.08514,300.18515,300.68515,301.08514,300.38516,300.58514,300.78516,300.88516,300.68515,300.68515
294.78516,294.98517,295.38516,295.58514,296.08514,296.18515,298.78516,298.78516,298.98517,298.98517,294.58514,300.58514,300.98517,294.08514,289.68515,280.38516,284.88516,286.08514,287.58514,286.28516,282.18515,290.38516,291.08514,299.38516,299.58514,299.88516,300.48517,299.88516,300.18515,299.88516,299.58514,299.28516,299.58514,300.68515,301.18515,300.98517,300.88516,300.28516,300.68515,300.78516,300.38516,299.98517,299.58514,300.78516,301.08514,301.28516,301.58514,301.38516,300.98517,300.78516,300.78516,300.78516,301.18515,301.08514,300.68515,300.58514,300.68515,300.68515,300.58514,300.98517
295.68515,295.78516,296.38516,296.08514,294.58514,284.48517,295.98517,299.08514,299.28516,299.58514,294.68515,300.88516,301.58514,301.58514,294.98517,289.78516,285.78516,282.08514,284.98517,284.38516,288.18515,290.48517,292.78516,299.48517,299.48517,299.48517,300.38516,300.28516,300.08514,299.88516,299.88516,299.88516,299.68515,300.28516,301.18515,301.18515,301.08514,295.68515,295.18515,299.08514,300.08514,300.78516,300.08514,300.18515,300.78516,301.78516,301.98517,301.58514,301.18515,300.98517,301.38516,301.28516,301.28516,301.48517,301.48517,301.08514,300.88516,300.68515,300.68515,301.48517
297.08514,296.38516,296.48517,296.38516,296.88516,293.98517,297.48517,299.58514,299.58514,299.18515,299.28516,299.58514,300.48517,301.38516,302.18515,295.58514,288.68515,282.08514,284.38516,281.38516,286.48517,293.28516,290.68515,299.38516,299.38516,300.08514,300.48517,300.28516,300.28516,300.08514,299.98517,299.68515,299.48517,300.08514,301.58514,301.38516,299.98517,298.78516,300.28516,301.78516,294.38516,295.18515,298.68515,301.38516,301.78516,301.98517,302.08514,301.88516,301.58514,301.68515,301.78516,301.78516,301.58514,301.68515,301.38516,301.18515,301.18515,301.38516,301.48517,301.48517
296.98517,296.58514,297.28516,297.98517,298.08514,297.98517,298.68515,299.88516,299.98517,299.48517,299.38516,300.08514,301.18515,301.18515,301.58514,293.38516,288.68515,288.08514,280.78516,279.68515,283.38516,288.08514,292.78516,299.48517,299.48517,300.08514,300.58514,300.58514,300.68515,300.18515,297.08514,296.58514,297.28516,296.38516,301.98517,301.88516,301.78516,301.78516,301.88516,301.98517,301.98517,301.58514,295.58514,295.28516,295.08514,301.78516,302.08514,302.18515,301.78516,301.78516,302.08514,301.88516,301.58514,301.58514,301.48517,301.08514,301.18515,301.58514,301.18515,301.48517
297.78516,298.08514,298.18515,298.18515,298.18515,298.38516,299.38516,299.98517,299.98517,299.88516,299.58514,300.38516,300.98517,301.18515,301.48517,292.88516,291.58514,284.78516,283.38516,282.08514,278.58514,281.88516,283.78516,292.78516,299.88516,299.88516,300.68515,300.68515,300.78516,300.28516,295.78516,293.58514,295.98517,301.88516,301.98517,302.18515,301.88516,301.68515,301.98517,301.98517,301.98517,302.28516,302.28516,293.98517,297.68515,294.88516,302.68515,302.58514,302.18515,302.18515,302.28516,302.18515,301.68515,301.88516,301.68515,301.38516,301.48517,301.68515,301.58514,301.58514
298.38516,298.88516,299.48517,298.38516,298.28516,299.28516,299.88516,300.08514,300.58514,300.78516,300.38516,300.38516,301.28516,301.38516,301.48517,301.58514,296.88516,290.48517,294.08514,291.58514,283.48517,284.48517,282.98517,284.08514,299.38516,300.48517,300.88516,300.98517,300.98517,295.38516,294.48517,295.38516,296.68515,301.88516,301.88516,301.98517,301.98517,302.08514,302.28516,302.18515,302.18515,302.38516,302.48517,302.38516,302.48517,302.58514,302.88516,302.88516,292.38516,285.48517,293.38516,296.28516,302.18515,302.08514,301.78516,301.68515,301.68515,301.68515,301.58514,301.48517
299.78516,299.58514,299.48517,298.48517,299.08514,299.78516,299.68515,300.18515,300.58514,300.88516,300.78516,300.28516,300.38516,300.98517,301.68515,301.68515,302.28516,302.38516,301.18515,288.28516,289.98517,290.18515,287.58514,289.38516,293.98517,293.98517,295.98517,295.98517,295.98517,294.98517,294.68515,295.88516,301.28516,301.88516,301.88516,302.18515,302.18515,302.38516,302.48517,302.28516,302.28516,302.68515,302.28516,295.38516,302.48517,302.58514,302.08514,302.68515,302.58514,301.78516,302.58514,302.48517,301.98517,299.38516,295.08514,302.18515,302.28516,302.08514,301.68515,301.58514
300.28516,300.08514,299.28516,299.18515,299.58514,299.68515,299.58514,299.68515,299.88516,300.58514,301.08514,300.48517,300.18515,301.28516,301.98517,301.88516,302.58514,302.48517,302.58514,302.58514,294.28516,291.38516,290.68515,283.08514,287.48517,295.18515,290.88516,290.68515,291.28516,295.08514,295.48517,294.38516,301.68515,301.88516,301.88516,301.88516,302.08514,302.48517,302.78516,302.68515,302.58514,302.68515,302.58514,302.68515,302.68515,302.58514,302.68515,302.78516,302.68515,302.58514,302.48517,302.88516,302.28516,302.38516,302.38516,302.48517,302.48517,302.28516,301.78516,301.78516
300.68515,300.68515,299.98517,299.58514,299.88516,300.28516,299.98517,299.78516,299.88516,300.08514,300.38516,300.68515,301.38516,301.88516,302.08514,301.88516,302.18515,302.48517,302.68515,302.68515,302.68515,302.98517,302.88516,296.88516,295.78516,300.98517,301.88516,291.58514,292.28516,294.68515,294.58514,295.38516,301.58514,301.58514,301.68515,299.88516,301.78516,302.28516,302.48517,302.78516,302.78516,302.98517,302.88516,302.78516,302.78516,302.88516,302.88516,302.68515,302.58514,302.58514,302.48517,302.58514,302.38516,302.58514,302.58514,302.58514,302.38516,302.18515,302.18515,301.78516
300.68515,300.88516,300.38516,300.28516,300.68515,300.78516,300.58514,300.78516,300.68515,300.48517,300.78516,300.88516,301.88516,302.18515,302.28516,302.08514,302.08514,302.58514,303.08514,302.88516,302.68515,302.68515,302.48517,302.08514,301.18515,299.88516,301.78516,302.58514,291.98517,286.98517,290.08514,292.08514,292.48517,290.48517,291.78516,294.98517,296.08514,302.08514,302.28516,302.78516,302.88516,302.88516,302.78516,302.78516,302.78516,302.88516,302.88516,302.88516,302.88516,302.68515,302.48517,302.58514,302.68515,302.78516,302.78516,302.78516,302.38516,302.28516,302.28516,302.08514
301.18515,301.08514,300.98517,300.98517,301.08514,300.98517,301.08514,300.98517,300.98517,300.98517,300.68515,301.28516,301.58514,301.98517,302.18515,302.28516,302.28516,302.48517,302.68515,302.68515,302.28516,301.98517,301.48517,301.38516,300.48517,299.88516,301.38516,301.78516,301.88516,296.88516,292.08514,293.68515,290.28516,291.58514,292.78516,294.98517,296.68515,302.08514,302.38516,302.78516,302.88516,302.88516,302.78516,302.78516,302.98517,302.88516,302.88516,302.98517,302.88516,302.78516,302.68515,302.48517,302.58514,302.58514,302.58514,302.58514,302.48517,302.58514,302.58514,299.78516
301.38516,301.38516,301.38516,301.18515,301.28516,301.38516,301.38516,301.48517,301.28516,301.18515,301.18515,301.38516,301.48517,301.98517,302.28516,302.18515,302.38516,302.38516,302.08514,302.18515,301.98517,301.88516,300.98517,300.08514,300.28516,300.68515,301.38516,301.48517,301.18515,300.78516,301.28516,301.68515,302.08514,295.58514,292.88516,295.08514,296.38516,302.18515,302.58514,302.88516,302.98517,302.98517,302.98517,302.88516,302.88516,302.78516,302.78516,302.88516,302.88516,302.98517,302.78516,302.48517,302.38516,302.38516,302.38516,302.38516,302.48517,302.68515,302.58514,302.48517
