static/public/js/json/demo.json
{"header": {"discipline":0,"disciplineName":"Meteorological products","gribEdition":2,"gribLength":78412,"center":7,"centerName":"US National Weather Service - NCEP(WMC)","subcenter":0,"refTime":"2023-11-05T06:00:00.000Z","significanceOfRT":1,"significanceOfRTName":"Start of forecast","productStatus":0,"productStatusName":"Operational products","productType":1,"productTypeName":"Forecast products","productDefinitionTemplate":0,"productDefinitionTemplateName":"Analysis/forecast at horizontal level/layer at a point in time","parameterCategory":2,"parameterCategoryName":"Momentum","parameterNumber":3,"parameterNumberName":"V-component_of_wind","parameterUnit":"m.s-1","genProcessType":2,"genProcessTypeName":"Forecast","forecastTime":0,"surface1Type":103,"surface1TypeName":"Specified height level above ground","surface1Value":10.0,"surface2Type":255,"surface2TypeName":"Missing","surface2Value":0.0,"gridDefinitionTemplate":0,"gridDefinitionTemplateName":"Latitude_Longitude","numberPoints":65160,"shape":6,"shapeName":"Earth spherical with radius of 6,371,229.0 m","gridUnits":"degrees","resolution":48,"winds":"true","scanMode":0,"nx":360,"ny":181,"basicAngle":0,"lo1":0.0,"la1":90.0,"lo2":359.0,"la2":-90.0,"dx":1.0,"dy":1.0}, "data":
[rows 104 to 129 of 181, columns 116 to 173 of 360]
3.5577025,2.6477027,1.5977026,1.6677027,1.5577027,0.81770265,0.55770266,-0.48229736,-2.0622973,-2.9522974,-5.722297,-6.0822973,-5.1622972,-3.7822974,-0.20229736,1.8877026,-5.0422974,1.7077026,0.027702637,0.88770264,0.9677026,0.32770264,0.5277026,0.14770263,2.6577027,5.4177027,-0.6522974,-0.16229737,-1.9422973,4.1977024,4.2877026,4.8477025,4.1577024,4.2677026,4.1077027,4.817703,4.3077025,5.5377026,5.757703,6.277703,6.757703,7.3577027,6.9577026,5.6077027,5.1777024,4.8777027,5.2077026,5.6977024,5.4477024,3.2777026,4.3577027,4.4277024,3.9477026,3.0677025,2.1877027,2.1577027,2.6077027,2.3777027
1.6377026,0.33770263,-0.79229736,0.047702637,-0.29229736,-0.28229737,-1.3522973,-3.1622972,-2.8922973,-5.032297,-4.0622973,8.277702,-4.492297,-6.6622972,-0.9522974,-3.3222973,0.94770265,-1.6722974,1.5577027,-4.032297,-4.1322975,-2.3722973,-2.1622972,-2.4122972,-1.4222974,2.8377028,2.5577025,0.56770265,-3.8022974,0.9677026,4.797703,4.3577027,3.6677027,3.6477027,3.8677027,2.9577026,4.1477027,4.5977025,5.3977027,5.8077025,6.1877027,6.2277026,6.5577025,6.7477026,6.4177027,5.5977025,5.3577027,6.1277027,6.7877026,6.6577024,6.8577027,4.4577026,5.0977025,3.3177025,3.2877026,2.8677027,2.2177026,3.1077027
3.1577027,1.2877027,-0.022297364,-1.7122973,-2.3022974,-2.3222973,-3.6222973,-2.9522974,-4.5522976,-4.5922976,1.8277026,-2.5822973,1.0177026,-2.2022974,5.4377027,1.9277027,9.747703,-0.39229736,-1.1122974,-1.1222974,-5.6522975,-4.432297,-1.8922974,-2.7722974,-2.1522973,1.0177026,2.3977027,2.7377026,2.1177027,-0.072297364,2.9477026,3.7277026,3.7477026,4.1777024,4.1377025,3.9477026,3.4977026,4.007703,5.1677027,5.2477026,6.277703,6.4277024,6.9977026,6.3777027,6.1577024,7.2277026,6.8877025,6.467703,6.8777027,6.8477025,7.1077027,4.1477027,3.4777026,3.9777026,4.1877027,4.0977025,2.7577026,2.6677027
3.1577027,2.0877028,-2.4322975,-2.9922974,-3.6622972,-4.6122975,-4.8222976,-2.0722973,-1.4022974,1.7977027,2.0477026,-3.6622972,-2.8622973,-1.0622973,3.5177026,-2.3722973,7.217703,1.3577026,2.8877027,-1.2322974,2.4277027,-6.6722975,-6.0522976,-7.1322975,-5.282297,-2.3222973,2.1377027,3.0077026,2.3877027,-2.1722975,1.9977026,2.1677027,2.7377026,3.4677026,3.9977026,4.0977025,3.8477027,3.3177025,3.0977027,4.967703,5.3477025,5.277703,6.1077027,6.4577026,6.1477027,6.0577025,6.737703,7.0177026,7.2877026,6.967703,6.797703,7.067703,5.2677026,5.2877026,4.4477024,4.217703,4.0377026,3.9277027
2.8377028,1.1977026,-2.1422973,-4.7322974,-3.9722974,-2.8922973,-2.3922973,0.69770265,1.5777026,2.2677026,-0.36229736,0.48770264,0.35770264,1.3477026,1.4477026,-3.1222973,-1.4722973,0.95770264,1.0677027,2.6277027,3.8177025,1.9777026,2.4677026,1.8177027,-7.8922973,1.6977026,2.4577026,-0.062297363,0.49770263,0.9777026,-0.55229735,-0.33229735,1.4777026,2.8177025,3.0277026,2.9177027,3.6377027,3.2677026,3.5477026,4.067703,3.9877026,4.4377027,5.5777025,6.1977024,5.817703,4.6477027,5.8677025,6.1677027,5.027703,5.507703,5.3777027,6.487703,7.1177025,6.4577026,5.2477026,5.1477027,4.257703,4.0977025
3.0877028,0.21770264,-0.85229737,-2.2222974,-2.8322973,-0.23229736,-2.6622972,1.6177026,1.7977027,4.1677027,1.9277027,-3.2922974,-1.4522973,2.2977026,1.3477026,2.3877027,0.09770264,-0.63229734,-0.82229733,0.6577026,4.3277025,4.8877025,5.3677025,6.737703,6.8977027,4.2277026,0.74770266,0.27770263,-2.6822975,-1.1122974,-3.6522973,-2.1822975,-0.0022973632,1.1477027,1.4877026,2.1777027,2.4877026,3.4277027,3.2777026,3.4377027,4.1377025,4.8277025,5.5177026,5.6777024,5.3277025,4.0577025,3.0377026,3.9577026,4.7677026,5.8277025,5.7277026,5.6677027,6.527703,3.6277027,6.2677026,5.987703,4.8777027,4.547703
-0.57229733,-2.8022974,-4.9422975,-5.2922974,-6.202297,-6.3822975,-1.2922974,1.6677027,2.9377027,1.8277026,4.0577025,0.81770265,-0.87229735,0.6677026,-0.03229736,0.58770263,0.20770264,-0.45229736,1.3277026,3.4577026,3.9777026,4.817703,6.9777026,8.087703,5.8677025,5.0377026,4.507703,2.1877027,3.2177026,0.50770265,-4.5922976,-5.432297,-2.6022973,0.33770263,0.49770263,1.8177027,1.6077026,1.9077027,2.6377027,3.0177026,3.3877027,3.7277026,4.297703,4.1377025,4.567703,5.3077025,4.9577026,4.0377026,5.507703,3.5377026,4.567703,4.8577027,5.757703,6.027703,5.987703,5.4477024,4.4477024,4.3877025
-9.322297,-7.7522974,-1.0222974,-1.1122974,-0.48229736,2.8177025,-1.1522974,-4.5522976,-1.2622974,1.1877027,0.64770263,-0.0022973632,1.0077026,0.51770264,0.14770263,-0.24229737,0.25770265,1.6277026,3.7177026,4.257703,4.8777027,6.067703,7.317703,7.9377027,6.4177027,5.3077025,5.3777027,3.3477027,1.1377026,-2.0822973,-5.9122972,-4.8222976,-2.7622974,-1.6022973,-0.62229735,0.037702635,2.2077026,1.6277026,2.2177026,2.4777026,3.8277025,4.047703,4.567703,5.1477027,4.8977027,2.8977027,3.4577026,5.0577025,7.027703,-2.0722973,4.1977024,5.3077025,4.7677026,5.4777026,6.0777025,6.6177025,5.0777025,4.4577026
1.3577026,-4.2122974,-1.8222973,-3.3422973,0.24770264,1.2477026,3.5677025,2.7877026,-4.3022976,1.2177026,-2.8022974,0.43770263,-1.4822974,-1.0922973,-1.1222974,-0.63229734,-0.44229737,0.81770265,4.987703,6.547703,7.9377027,7.9177027,7.5777025,7.4077024,6.0777025,4.317703,7.0777025,3.7977026,2.8377028,0.86770266,-1.1822973,-1.0922973,0.7177026,-2.6822975,-2.5022974,-0.12229736,1.3377026,2.0177026,2.0877028,2.7477026,3.7377026,3.8677027,4.0177026,4.717703,5.297703,5.6977024,5.067703,5.0377026,6.5777025,7.1777024,7.4777026,5.1477027,5.507703,5.4977026,6.4277024,6.527703,5.757703,5.4777026
-3.3422973,3.8377028,-8.242297,-0.37229738,-0.88229734,0.037702635,1.9677026,-0.37229738,-0.79229736,-3.5122974,0.037702635,0.51770264,-0.21229737,-1.5222974,-0.88229734,0.5477026,1.5377027,2.4877026,4.4277024,7.1077027,8.667703,7.8877025,6.1277027,5.6377025,5.507703,5.6677027,2.6377027,3.5877028,2.9477026,-0.34229738,-3.5322974,-4.7122974,0.39770263,-4.8922973,-2.7422974,-1.5322974,0.47770265,0.51770264,1.9577026,3.1077027,3.4577026,3.7577026,4.3377028,4.6777024,4.4477024,4.3377028,4.9277024,5.1677027,4.9277024,4.9277024,4.717703,5.5577025,5.5377026,5.8877025,6.3077025,6.987703,5.2277026,5.8577027
0.047702637,1.8877026,0.28770265,-1.4722973,-3.4422975,0.5277026,0.74770266,1.1077026,0.9677026,1.1677027,0.44770265,3.4177027,2.8677027,0.29770264,-1.8722974,-3.1022973,-0.44229737,1.5477027,3.3977027,6.317703,7.3077025,6.1477027,6.1877027,5.4077024,5.1477027,5.1277027,4.6677027,3.3577027,-0.18229736,1.8377026,0.6577026,-0.87229735,-2.2622974,-0.43229735,-3.2022974,-3.4222975,-0.052297365,0.9777026,1.0977026,1.8577026,2.3677027,2.5777025,3.4477026,4.6977024,5.4977026,6.1377025,4.6277027,4.8277025,4.317703,4.1577024,4.527703,5.3677025,6.4377027,5.067703,6.1777024,6.2877026,8.177703,7.6877027
0.31770265,-0.24229737,-1.1422974,-3.6922975,-0.82229733,-2.1122973,0.44770265,0.75770265,1.8677026,1.9577026,2.6077027,2.0077026,1.4577026,-0.8322974,-2.4522974,-1.2022973,-0.49229735,1.3977027,2.9677026,5.817703,6.5177026,6.1377025,4.7877026,6.1777024,5.4277024,5.7677026,4.797703,3.5877028,0.027702637,-3.7722974,-1.4522973,-5.3322973,-1.9822974,-3.2822974,-2.4922974,0.8477026,-2.1422973,-0.37229738,0.9177026,1.3477026,2.8677027,3.2977026,2.8577027,3.5477026,5.027703,4.7477026,5.4777026,3.9977026,3.4177027,3.2477026,3.8777027,4.5577025,5.4777026,7.0777025,6.6777024,7.0577025,8.157702,7.8577027
-1.3622974,1.0677027,-0.85229737,-0.5122974,-4.0922976,-4.1022973,-0.072297364,-0.42229736,0.7177026,4.4477024,6.317703,5.297703,3.5177026,-3.9022973,-3.7022974,-2.5422974,-2.0822973,0.077702634,1.5477027,3.8477027,5.6677027,4.8977027,5.5577025,5.1777024,5.7277026,5.8377028,6.3277025,3.8677027,3.4377027,1.8277026,-2.8122973,-6.6122975,-1.8322973,-4.8022976,-3.9122972,-2.6022973,-2.3022974,-0.5122974,0.23770264,0.87770265,1.7877027,1.7077026,2.6077027,3.8177025,5.1277027,3.9177027,5.487703,4.8277025,2.6977026,3.2777026,4.5977025,4.8277025,4.2477026,5.737703,6.3977027,6.7477026,6.6477027,8.137703
-2.5022974,-2.3522973,-3.1922975,-1.2222973,-3.7122974,-2.2922974,-3.6622972,-0.19229737,3.6877027,4.757703,5.317703,3.7977026,0.93770266,-3.6322973,-3.6822975,-1.1322974,-1.3822974,-0.55229735,4.237703,3.4177027,4.4477024,4.2477026,5.237703,4.9777026,5.507703,4.297703,5.9977026,4.027703,3.5577025,1.1677027,4.8677025,-0.42229736,-1.9722973,3.6777027,-1.7222973,-3.6322973,1.6677027,-0.68229735,-0.09229736,1.5677027,2.3977027,2.6077027,2.4077027,3.3377028,4.3477025,4.6977024,4.2477026,4.1577024,3.1977026,3.6277027,4.5377026,4.6077027,5.9977026,6.8277025,5.2877026,6.3777027,6.4077024,6.6077027
-2.9322975,-3.5622973,-3.0522974,-3.2522974,-3.1822975,-3.2422974,1.0977026,2.0777025,1.9477026,3.4277027,3.2577026,3.1777027,1.6877027,0.75770265,-0.08229736,0.64770263,0.75770265,-1.1322974,0.26770264,3.0677025,3.7377026,2.9477026,4.8877025,5.3977027,5.0377026,5.9777026,4.717703,5.567703,5.317703,4.5577025,6.4977026,2.1677027,-1.1422974,-1.5122974,-1.5222974,1.8777026,-1.7822974,-0.38229737,0.68770266,2.8477027,2.9077027,2.3677027,3.4477026,4.1777024,4.717703,5.3677025,4.8477025,1.7977027,3.0477026,4.2077026,5.3677025,4.9177027,6.1277027,5.9177027,6.067703,7.1377025,6.3077025,7.3577027
-2.1422973,-3.0922973,-2.8822973,-5.3622975,-2.7022974,-1.6922973,-0.8922974,1.0077026,0.24770264,2.3477027,3.3177025,2.6277027,1.5477027,1.1777027,1.8377026,2.1577027,2.5077026,2.6977026,2.7777026,3.5777025,3.4477026,1.7477026,3.1177027,4.3277025,6.3077025,5.6377025,5.1877027,4.4777026,5.4177027,4.9177027,5.3877025,7.5777025,3.4177027,0.8477026,0.5377026,0.44770265,0.47770265,1.8677026,1.9577026,5.1377025,4.9777026,3.1877027,2.7377026,3.1577027,4.297703,5.1677027,5.3977027,2.1977026,1.7877027,3.3477027,4.6977024,5.5577025,5.3877025,6.1377025,5.757703,6.0377026,6.6077027,6.6877027
-1.6322974,-2.9722974,-4.012297,-3.8422973,-4.2322974,-4.6422973,-1.7922974,-1.4622973,-0.072297364,0.92770267,1.5977026,1.6477027,1.3877026,0.9077026,0.5377026,1.6177026,0.88770264,1.3977027,3.8277025,4.527703,0.017702637,0.95770264,3.2577026,3.2277026,5.6877027,5.3077025,4.7077026,5.9577026,3.9777026,3.1377027,4.237703,5.1777024,4.2077026,2.5977027,0.6677026,1.5377027,-0.42229736,1.6077026,4.8677025,5.1777024,4.297703,4.3877025,2.6677027,2.3877027,3.2777026,3.8277025,5.0977025,4.6577024,3.3477027,3.1577027,4.1077027,4.777703,5.3077025,6.1377025,5.9777026,5.757703,6.1277027,6.7877026
-0.30229735,-1.8722974,-4.2322974,-2.8322973,-4.682297,-5.222297,-3.5822973,-2.0622973,-1.9322973,-0.072297364,0.62770265,0.92770267,0.62770265,0.57770264,2.0377026,5.2477026,2.5077026,4.9177027,4.4777026,2.8177025,1.6677027,1.4377027,3.0277026,2.7377026,3.6877027,4.1177025,4.5977025,3.7877026,2.6077027,2.1177027,0.76770264,-2.0722973,2.4277027,3.7877026,4.4277024,0.95770264,0.13770264,-0.9622974,0.20770264,2.2577026,4.8577027,5.0777025,5.0577025,4.987703,3.8677027,1.7777027,2.6477027,3.3477027,3.3777027,3.7977026,3.6377027,3.7877026,5.3477025,5.7277026,5.817703,6.1277027,5.5877028,5.487703
-0.23229736,-1.8822974,-2.8122973,-5.4222975,-4.532297,-5.3522973,-3.7022974,-2.8422973,-1.7822974,-0.42229736,6.5177026,5.6877027,4.757703,4.277703,4.5877028,5.257703,6.5877028,6.987703,6.1977024,1.9577026,0.27770263,0.7377026,1.2777027,1.8277026,2.9477026,4.1877027,3.6677027,2.3977027,1.4677026,0.45770264,1.6377026,1.5777026,-0.23229736,0.42770264,3.4677026,0.82770264,0.43770263,1.2077026,3.6277027,4.277703,6.1277027,6.237703,5.817703,5.9177027,5.8577027,4.8877025,0.51770264,1.6777027,2.8977027,4.1577024,4.487703,4.467703,4.5377026,5.737703,6.2277026,5.6877027,6.4377027,4.737703
-2.7222974,-1.7222973,-3.8622973,-3.1122973,-1.6322974,-5.242297,-4.932297,-2.1322973,3.5477026,0.38770264,1.9677026,2.2077026,2.0377026,2.8277025,3.4577026,3.7777026,4.6977024,6.217703,7.2077026,5.237703,2.9077027,0.7877026,4.0877028,-0.16229737,2.9077027,3.1477027,3.1377027,1.1177026,-0.15229736,-0.62229735,-0.94229734,1.7977027,-1.5522974,1.0077026,2.2277026,1.6677027,2.8877027,4.3877025,5.6477027,5.7077026,5.8377028,6.217703,6.1077027,4.8877025,5.567703,6.4277024,3.7977026,2.8077025,2.6277027,4.3277025,4.1777024,4.8777027,4.4077024,4.9077024,5.757703,6.4077024,5.6777024,5.317703
0.42770264,0.82770264,-1.8622974,-2.7922974,2.8677027,3.6277027,5.257703,3.2677026,-2.4522974,-2.4422975,-1.1022973,0.12770264,0.28770265,1.4977026,2.6277027,3.6377027,3.8077025,4.9477024,6.547703,8.047703,4.5177026,6.2877026,4.3077025,-0.28229737,2.3977027,1.7177026,2.6177027,-0.85229737,-2.2122974,-1.8522973,-1.1622974,0.9877026,0.5377026,1.7577026,0.25770265,2.2977026,3.6377027,3.8977027,5.047703,6.1277027,5.9077024,7.567703,5.217703,4.277703,4.6577024,5.217703,6.3377028,5.8777027,5.717703,5.297703,4.8577027,3.9877026,4.3677025,4.4077024,5.2077026,5.2877026,5.9277024,7.007703
9.407702,5.1477027,2.6077027,0.9677026,0.14770263,-0.24229737,-1.3022974,-3.2422974,-3.9822974,-3.9022973,-2.7122974,-2.1922975,-1.6022973,-0.69229734,0.74770266,2.1477027,2.9877026,3.4777026,4.717703,6.1877027,5.4977026,1.9877026,6.6977024,3.1477027,1.7477026,1.9377027,-0.012297363,-0.9522974,-1.6422974,-0.9622974,0.22770263,-2.0722973,-0.99229735,0.50770265,-0.13229737,1.5177026,2.8477027,3.7977026,5.4577026,5.9977026,6.1777024,8.107702,8.687702,6.987703,7.0177026,6.6277027,6.4277024,6.3277025,5.3477025,4.6077027,4.8577027,4.7877026,4.4277024,4.6077027,3.7577026,4.6677027,5.6777024,6.6177025
7.1077027,4.8877025,1.5377027,-1.3722974,-2.1122973,-3.1722975,-4.1322975,-5.282297,-5.8322973,-4.9222975,-3.8122973,-3.3522973,-2.0622973,-1.7722974,-0.5322974,0.62770265,1.3577026,2.1277027,3.1077027,3.2677026,4.6577024,3.3177025,4.237703,6.1377025,2.7977026,-1.2522974,-0.80229735,-2.0022974,-1.4422973,-1.2122973,-0.29229736,1.7777027,-0.102297366,-1.2322974,0.29770264,1.0677027,1.7477026,2.2777026,3.5977027,4.317703,5.6477027,6.487703,7.4277024,6.817703,6.317703,6.8877025,7.1977024,8.177703,6.967703,6.0177026,4.1977024,5.1577024,5.2677026,3.9077027,4.1177025,2.6077027,3.4777026,4.9777026
3.8377028,2.8177025,-0.29229736,-1.9122974,-3.8822973,-4.6522975,-5.012297,-6.1622972,-6.682297,-4.8622975,-4.1422973,-2.5822973,-1.8922974,-2.1422973,-1.2322974,-0.7022974,-0.11229736,0.5277026,1.7777027,2.4577026,2.5577025,3.6377027,5.1777024,7.3877025,-1.0222974,-2.1222973,-1.0722973,-0.22229737,-0.7722974,-1.2822974,-0.69229734,1.5277027,1.4377027,-0.62229735,-1.9622973,0.14770263,0.25770265,1.3677026,2.6577027,3.6377027,4.3677025,5.9077024,5.1977024,6.1377025,6.4277024,7.297703,6.5977025,6.8777027,8.017703,9.017703,8.857702,7.0377026,5.2677026,5.027703,3.5077026,3.7477026,2.0677025,2.7677026
2.6177027,0.68770266,0.0077026365,-1.7322974,-4.472297,-5.0422974,-5.2922974,-5.6222973,-5.9822974,-5.8322973,-5.0522976,-3.9922974,-2.8522973,-1.9222974,-1.4822974,-1.1122974,-0.022297364,-0.13229737,0.74770266,1.4277027,1.4977026,2.4277027,5.4177027,6.9477024,7.6177025,4.5377026,5.9077024,2.2277026,4.1277027,2.9977026,1.8877026,1.7177026,1.7577026,-0.24229737,-1.0922973,0.6577026,1.7277026,1.7077026,1.1377026,3.0677025,3.9677026,4.9477024,6.3877025,4.9777026,5.8877025,6.6077027,6.3877025,7.3477025,7.1977024,7.8377028,8.047703,9.107702,8.797703,7.217703,4.5577025,3.3877027,1.5777026,1.6577027
3.4277027,-1.2122973,-2.9022973,-1.8522973,-3.0422974,-3.3222973,-4.7322974,-5.262297,-5.9022975,-6.3922973,-5.722297,-5.682297,-4.1422973,-3.1522973,-2.2722974,-2.0222974,-0.7822974,-0.25229737,0.11770263,0.09770264,0.88770264,1.2077026,2.2177026,3.9577026,4.067703,4.3277025,4.4277024,2.9577026,3.0577025,2.7477026,-1.5322974,-1.4322973,-0.31229737,0.09770264,0.70770264,2.5377026,2.5477026,3.6277027,3.7477026,4.0177026,4.567703,5.0777025,5.1677027,4.7877026,3.7077026,5.3677025,6.4377027,6.277703,6.8377028,7.7077026,7.9977026,8.107702,8.157702,8.907702,8.537703,1.9977026,2.4277027,-0.062297363
